$`0`
     17      35 
0.19932 0.33973 

$`1`
     17      35 
0.22375 0.08834 

$`2`
     17 
0.10027 

$`3`
     17 
0.05712 

$`4`
     17 
0.05492 

$`5`
     17 
0.37951 

$`6`
     17 
0.06155 

$`7`
     17 
0.26767 

$`8`
     17 
0.41348 

$`9`
     17      35 
0.23796 0.00493 

$`10`
     17 
0.18302 

$`11`
     17 
0.07935 

$`12`
     17 
0.02752 

$`13`
     17 
0.47086 

$`14`
     17 
0.72597 

$`15`
     17      35 
0.02354 0.20564 

$`16`
     17      35 
0.18103 0.04253 

$`18`
     17      35 
0.07793 0.18234 

$`19`
     17      35 
0.01881 0.08349 

$`20`
     17      35 
0.09086 0.06178 

$`21`
     17 
0.08847 

$`22`
     17      35 
0.39087 0.09782 

$`23`
     17      35 
0.13282 0.03022 

$`24`
     17      35 
0.54602 0.01053 

$`25`
    17 
0.6892 

$`26`
     17 
0.42849 

$`27`
     17 
0.01268 

$`28`
     17 
0.11632 

$`29`
     17 
0.25771 

$`30`
     17      35 
0.24003 0.21535 

$`31`
     17      35 
0.05304 0.13084 

$`32`
     17      35 
0.16618 0.01492 

$`33`
     17      35 
0.08066 0.28077 

$`34`
     17 
0.44096 

$`36`
     17      35 
0.40218 0.18767 

$`37`
     17 
0.04782 

$`38`
     17 
0.32493 

$`39`
     17 
0.19865 

$`40`
     17      35 
0.05223 0.09574 

$`41`
     17      35 
0.02149 0.04344 

$`42`
     17 
0.36813 

$`43`
     17 
0.08065 

$`44`
     17 
0.38892 

$`45`
     17 
0.30475 

$`46`
     17 
0.54902 

$`47`
     17 
0.21152 

$`48`
     17 
0.17498 

$`49`
     17 
0.24586 

