$`0`
     14      17 
0.19138 0.36614 

$`1`
     17 
0.30326 

$`2`
     25 
0.14548 

$`3`
     25 
0.08288 

$`4`
     25 
0.07968 

$`5`
     25 
0.55066 

$`6`
    25 
0.0893 

$`7`
     17 
0.26767 

$`8`
     25 
0.59994 

$`9`
     14      17 
0.10637 0.16518 

$`10`
     14      17 
0.17822 0.05364 

$`11`
     25 
0.11513 

$`12`
     25 
0.03993 

$`13`
     14      17 
0.48626 0.11785 

$`15`
     17 
0.20861 

$`16`
     14      25 
0.25025 0.05460 

$`18`
     17 
0.24203 

$`19`
     17 
0.09395 

$`20`
     14      25 
0.08812 0.11968 

$`21`
     14      25 
0.03411 0.09244 

$`22`
     25 
0.69487 

$`23`
     14      25 
0.09163 0.13568 

$`24`
     14      17 
0.17372 0.42938 

$`26`
     25 
0.62172 

$`27`
     25 
0.01839 

$`28`
     14      17 
0.15415 0.00441 

$`29`
     25 
0.37393 

$`30`
     17 
0.43385 

$`31`
     25 
0.24782 

$`32`
     17 
0.17961 

$`33`
     14      25 
0.03544 0.44634 

$`34`
     14      17 
0.20619 0.29127 

$`35`
     17 
0.89999 

$`36`
     14      17 
0.59924 0.13606 

$`37`
     25 
0.06939 

$`38`
     14      17 
0.13044 0.23024 

$`39`
     14      17 
0.09262 0.13140 

$`40`
     17 
0.13839 

$`41`
     14      25 
0.04488 0.04063 

$`42`
     14      17 
0.43887 0.04952 

$`43`
     25 
0.11702 

$`44`
     14      17 
0.43704 0.07164 

$`45`
     14      17 
0.26040 0.11571 

$`46`
     14      25 
0.70012 0.05913 

$`47`
     14      17 
0.18247 0.07905 

$`48`
     25 
0.25389 

$`49`
     14      17 
0.24814 0.06572 

