$`0`
     17      35 
0.34264 0.18049 

$`1`
     17      35 
0.09894 0.22702 

$`2`
     17 
0.10027 

$`3`
     17 
0.05712 

$`4`
     17      35 
0.04834 0.00731 

$`5`
     17 
0.37951 

$`6`
     17 
0.06155 

$`7`
     17      35 
0.20074 0.07438 

$`8`
     17      35 
0.36126 0.05802 

$`9`
     17      35 
0.15548 0.09657 

$`10`
     17      35 
0.08857 0.10495 

$`11`
     17 
0.07935 

$`12`
     17 
0.02752 

$`13`
     17      35 
0.38114 0.09970 

$`14`
     17      35 
0.59540 0.14508 

$`15`
     17      35 
0.00175 0.22986 

$`16`
     17      35 
0.19097 0.03148 

$`18`
     17      35 
0.20981 0.03581 

$`19`
     17      35 
0.05244 0.04613 

$`20`
     17 
0.14646 

$`21`
     17      35 
0.07373 0.01638 

$`22`
     17      35 
0.25345 0.25051 

$`23`
     17      35 
0.15426 0.00641 

$`24`
     17      35 
0.35404 0.22383 

$`25`
     17      35 
0.68519 0.00445 

$`26`
     17 
0.42849 

$`27`
     17      35 
0.01072 0.00218 

$`28`
     17 
0.11632 

$`29`
     17 
0.25771 

$`30`
     17      35 
0.13948 0.32708 

$`31`
     17      35 
0.08087 0.09992 

$`32`
     17      35 
0.15048 0.03238 

$`33`
     17 
0.33335 

$`34`
     17      35 
0.37235 0.07623 

$`36`
     17      35 
0.19123 0.42207 

$`37`
     17 
0.04782 

$`38`
     17 
0.32493 

$`39`
     17 
0.19865 

$`40`
     17      35 
0.05726 0.09014 

$`41`
     17      35 
0.04190 0.02076 

$`42`
     17      35 
0.35380 0.01592 

$`43`
     17 
0.08065 

$`44`
     17      35 
0.30906 0.08874 

$`45`
     17      35 
0.24667 0.06454 

$`46`
     17 
0.54902 

$`47`
     17 
0.21152 

$`48`
     17 
0.17498 

$`49`
     17      35 
0.23563 0.01137 

