$`2`
     14      17      25      44 
0.02063 0.03577 0.06285 0.01595 

$`3`
     17      34      35 
0.02969 0.01596 0.02266 

$`4`
     17 
0.05492 

$`6`
     17 
0.06155 

$`10`
     13      14      17      35 
0.00900 0.04398 0.09788 0.05442 

$`11`
     17      24      35 
0.03254 0.00030 0.05183 

$`12`
     17 
0.02752 

$`19`
     17 
0.09395 

$`20`
     14      17      22      25      33      35 
0.02312 0.05999 0.01214 0.05009 0.03751 0.01872 

$`21`
      5      17      35 
0.00707 0.06604 0.02194 

$`23`
      0      17      35 
0.02319 0.14179 0.00724 

$`27`
     14      17 
0.00093 0.01200 

$`28`
      0       5      17      22      35      36 
0.02746 0.01822 0.06507 0.00897 0.00487 0.03814 

$`31`
      0      14      35      36      46 
0.01597 0.02890 0.07823 0.05444 0.07332 

$`32`
     17      22      24      46 
0.04408 0.07358 0.12611 0.05508 

$`37`
     17 
0.04782 

$`41`
      5      14      17      22      35 
0.00706 0.01687 0.04170 0.00144 0.00363 

$`43`
     17 
0.08065 

$`47`
     17      26      35 
0.14152 0.01448 0.07089 

$`48`
     17      25      35      44      46 
0.06612 0.05504 0.01141 0.07838 0.05496 

