$`0`
     11      18 
0.27683 0.37497 

$`1`
     18      35 
0.20686 0.26013 

$`2`
     18      35 
0.56777 0.07864 

$`3`
     11      18 
0.66533 0.16886 

$`4`
     35      42 
0.72149 0.10213 

$`5`
     18      35 
0.27904 0.13012 

$`6`
     11      18 
0.40459 0.40273 

$`7`
     35      42 
0.20038 0.39802 

$`8`
     18      35 
0.11547 0.24877 

$`9`
     18      35 
0.49697 0.09472 

$`10`
     18      35 
0.05443 0.27322 

$`12`
     11      18 
0.63404 0.26743 

$`13`
     11      18 
0.22304 0.63500 

$`14`
     11      38 
0.77050 0.04054 

$`15`
     11      18 
0.40157 0.06605 

$`16`
     35      42 
0.36051 0.41685 

$`17`
     38 
0.98017 

$`19`
     11      18 
0.51820 0.31943 

$`20`
     38 
0.96905 

$`21`
     11      18 
0.03405 0.60430 

$`22`
     35      42 
0.11074 0.73446 

$`23`
     35      42 
0.14360 0.70793 

$`24`
     18      35 
0.48816 0.41343 

$`25`
     38 
0.63602 

$`26`
     11      18 
0.81929 0.12521 

$`27`
     18      35 
0.04369 0.18968 

$`28`
     11      18 
0.00774 0.89355 

$`29`
     18      35 
0.24301 0.64280 

$`30`
     18      35 
0.12055 0.41037 

$`31`
     35      42 
0.38428 0.20925 

$`32`
     35      42 
0.39220 0.51804 

$`33`
     11      18 
0.56916 0.01730 

$`34`
     18      35 
0.24325 0.25076 

$`36`
     11      18 
0.27120 0.50752 

$`37`
     11      18 
0.04779 0.42628 

$`39`
     38 
0.78638 

$`40`
     35      42 
0.20346 0.60106 

$`41`
     18      35 
0.45254 0.15641 

$`43`
     18      35 
0.22597 0.38898 

$`44`
     18      35 
0.10833 0.04414 

$`45`
     11      18 
0.24414 0.65744 

$`46`
     11      18 
0.11617 0.51132 

$`48`
     11      18 
0.00573 0.45090 

$`49`
     11      38 
0.41697 0.08988 

